
Disease cluster 1v2:
dbprobs = c(0.046575342, 0.033789954, 0.684018265, 0.027397260, 0.048401826, 0.007305936, 0.002739726, 0.028310502, 0.043835616, 0.077625571)
clusterprobs = c(0.321637427, 0, 0.491228070, 0.011695906, 0.023391813, 0.111111111, 0.005847953, 0, 0.029239766, 0.005847953)

Disease cluster 1v4: 
dbprobs = c(0.046575342, 0.033789954, 0.684018265, 0.027397260, 0.048401826, 0.007305936, 0.002739726, 0.028310502, 0.043835616, 0.077625571)
clusterprobs = c(0.28571429, 0.14285714, 0.21428571, 0.21428571, 0, 0, 0, 0.07142857, 0.07142857, 0)

Disease cluster 1v5:
dbprobs = c(0.046575342, 0.033789954, 0.684018265, 0.027397260, 0.048401826, 0.007305936, 0.002739726, 0.028310502, 0.043835616, 0.077625571)
clusterprobs = c(0.6666667, 0, 0, 0, 0, 0, 0, 0, 0.1333333, 0.2000000)

Ss cluster 1v2:
dbprobs = c(0.0398873768, 0.0220553731, 0.0168934772, 0.0755513843, 0.4026278742, 0.0079774754, 0.0337869545, 0.0286250587, 0.0483341154, 0.0314406382, 0.0004692633, 0.0187705303, 0.0009385265, 0.0408259033, 0.0215861098, 0.0811825434, 
            0.0431722196, 0.0070389489, 0.0009385265, 0.0201783200, 0.0028155795, 0.0192397935, 0.0178320038, 0.0178320038)
clusterprobs = c(0.01739130, 0.01739130, 0.15652174, 0.03478261, 0.01739130, 0, 0.07826087, 0.11304348, 0.20869565, 0.06086957, 0, 0, 0, 0.06956522, 0.03478261, 0.06956522, 0.07826087, 0, 0, 0, 0, 0.04347826, 0, 0)

Ss cluster 1v3:
dbprobs = c(0.0398873768, 0.0220553731, 0.0168934772, 0.0755513843, 0.4026278742, 0.0079774754, 0.0337869545, 0.0286250587, 0.0483341154, 0.0314406382, 0.0004692633, 0.0187705303, 0.0009385265, 0.0408259033, 0.0215861098, 0.0811825434, 
            0.0431722196, 0.0070389489, 0.0009385265, 0.0201783200, 0.0028155795, 0.0192397935, 0.0178320038, 0.0178320038)
clusterprobs = c(0.020202020, 0, 0.037037037, 0.333333333, 0.010101010, 0, 0.037037037, 0.030303030, 0.060606061, 0.080808081, 0, 0, 0, 0.080808081, 0.043771044, 0.040404040, 0.094276094, 0, 0, 0, 0.003367003, 0.013468013, 0, 0.114478114)

Ss cluster 1v4:
dbprobs = c(0.0398873768, 0.0220553731, 0.0168934772, 0.0755513843, 0.4026278742, 0.0079774754, 0.0337869545, 0.0286250587, 0.0483341154, 0.0314406382, 0.0004692633, 0.0187705303, 0.0009385265, 0.0408259033, 0.0215861098, 0.0811825434, 
            0.0431722196, 0.0070389489, 0.0009385265, 0.0201783200, 0.0028155795, 0.0192397935, 0.0178320038, 0.0178320038)
clusterprobs = c(0.012195122, 0.033536585, 0.003048780, 0.103658537, 0.121951220, 0.067073171, 0.015243902, 0, 0.030487805, 0.250000000, 0, 0.021341463, 0, 0.036585366, 0.009146341, 0.039634146, 0.012195122, 0.109756098, 0, 0.012195122,
                 0.039634146, 0.064024390, 0.018292683, 0)
Ss cluster 1v5:
dbprobs = c(0.0398873768, 0.0220553731, 0.0168934772, 0.0755513843, 0.4026278742, 0.0079774754, 0.0337869545, 0.0286250587, 0.0483341154, 0.0314406382, 0.0004692633, 0.0187705303, 0.0009385265, 0.0408259033, 0.0215861098, 0.0811825434, 
            0.0431722196, 0.0070389489, 0.0009385265, 0.0201783200, 0.0028155795, 0.0192397935, 0.0178320038, 0.0178320038)
clusterprobs = c(0, 0.12903226, 0, 0, 0.03225806, 0.06451613, 0, 0, 0, 0.03225806, 0, 0, 0, 0, 0, 0, 0.03225806, 0.12903226, 0, 0, 0.22580645, 0.25806452, 0.09677419, 0)